3.051999999999999886e+02
3.053999999999999773e+02
3.051000000000000227e+02
3.053000000000000114e+02
3.055000000000000000e+02
3.048000000000000114e+02
3.048000000000000114e+02
3.047500000000000000e+02
3.046999999999999886e+02
3.055000000000000000e+02
3.056000000000000227e+02
3.056999999999999886e+02
3.056999999999999886e+02
3.059100000000000250e+02
3.058999999999999773e+02
3.060000000000000000e+02
3.056999999999999886e+02
3.063999999999999773e+02
3.061000000000000227e+02
3.063000000000000114e+02
3.061000000000000227e+02
3.058999999999999773e+02
3.050000000000000000e+02
3.051999999999999886e+02
3.051999999999999886e+02
3.055000000000000000e+02
3.056999999999999886e+02
3.058000000000000114e+02
3.056999999999999886e+02
3.055000000000000000e+02
3.048000000000000114e+02
3.043999999999999773e+02
3.048000000000000114e+02
3.046999999999999886e+02
3.048999999999999773e+02
3.053299999999999841e+02
3.056000000000000227e+02
3.055000000000000000e+02
3.055000000000000000e+02
3.053999999999999773e+02
3.048999999999999773e+02
3.048000000000000114e+02
3.052799999999999727e+02
3.053999999999999773e+02
3.058000000000000114e+02
3.066000000000000227e+02
3.058999999999999773e+02
3.058999999999999773e+02
3.058999999999999773e+02
3.050000000000000000e+02
3.046000000000000227e+02
3.050000000000000000e+02
3.051999999999999886e+02
3.053000000000000114e+02
3.061999999999999886e+02
3.060000000000000000e+02
3.056000000000000227e+02
3.058000000000000114e+02
3.048999999999999773e+02
3.051000000000000227e+02
3.050000000000000000e+02
3.048999999999999773e+02
3.050799999999999841e+02
3.050099999999999909e+02
3.050500000000000114e+02
3.051000000000000227e+02
3.051200000000000045e+02
3.051999999999999886e+02
3.051999999999999886e+02
3.051600000000000250e+02
3.051000000000000227e+02
3.051999999999999886e+02
3.053000000000000114e+02
3.053999999999999773e+02
3.053000000000000114e+02
5.200000000000000000e+01
3.053999999999999773e+02
3.053000000000000114e+02
3.053000000000000114e+02
3.053999999999999773e+02
3.053000000000000114e+02
3.053000000000000114e+02
3.052699999999999818e+02
3.053000000000000114e+02
3.053000000000000114e+02
3.053000000000000114e+02
3.053899999999999864e+02
3.053999999999999773e+02
3.053100000000000023e+02
3.053799999999999955e+02
3.053000000000000114e+02
3.053000000000000114e+02
3.054900000000000091e+02
3.053999999999999773e+02
3.051700000000000159e+02
3.051999999999999886e+02
3.051000000000000227e+02
3.053999999999999773e+02
3.053000000000000114e+02
3.055000000000000000e+02
3.051000000000000227e+02
3.055000000000000000e+02
3.053000000000000114e+02
3.055000000000000000e+02
3.050000000000000000e+02
3.051000000000000227e+02
3.048999999999999773e+02
3.050000000000000000e+02
3.048999999999999773e+02
3.046999999999999886e+02
3.048199999999999932e+02
3.046999999999999886e+02
3.048000000000000114e+02
3.048000000000000114e+02
3.046999999999999886e+02
3.046999999999999886e+02
3.046999999999999886e+02
3.045000000000000000e+02
3.046999999999999886e+02
3.046999999999999886e+02
3.046999999999999886e+02
3.046000000000000227e+02
3.046999999999999886e+02
3.046000000000000227e+02
3.043000000000000114e+02
3.048000000000000114e+02
3.043000000000000114e+02
3.041000000000000227e+02
3.041000000000000227e+02
3.043000000000000114e+02
3.043000000000000114e+02
3.041999999999999886e+02
3.043000000000000114e+02
3.045000000000000000e+02
3.050000000000000000e+02
3.045000000000000000e+02
3.040000000000000000e+02
3.046999999999999886e+02
3.045000000000000000e+02
3.043000000000000114e+02
3.046999999999999886e+02
3.046000000000000227e+02
3.048000000000000114e+02
3.046999999999999886e+02
3.043999999999999773e+02
3.046000000000000227e+02
3.048999999999999773e+02
3.043000000000000114e+02
3.048000000000000114e+02
3.045000000000000000e+02
3.048999999999999773e+02
3.046999999999999886e+02
3.048799999999999955e+02
3.046000000000000227e+02
3.048999999999999773e+02
3.046000000000000227e+02
3.046999999999999886e+02
3.048000000000000114e+02
3.051000000000000227e+02
3.050000000000000000e+02
3.051999999999999886e+02
3.048999999999999773e+02
3.050000000000000000e+02
3.048000000000000114e+02
3.051000000000000227e+02
3.051999999999999886e+02
3.051999999999999886e+02
3.053000000000000114e+02
3.053000000000000114e+02
3.051999999999999886e+02
3.053000000000000114e+02
3.053000000000000114e+02
3.055000000000000000e+02
3.053999999999999773e+02
3.053999999999999773e+02
3.053000000000000114e+02
3.053000000000000114e+02
3.053000000000000114e+02
3.053999999999999773e+02
3.053000000000000114e+02
3.053999999999999773e+02
3.051000000000000227e+02
3.051999999999999886e+02
3.053999999999999773e+02
3.052900000000000205e+02
3.051999999999999886e+02
3.053999999999999773e+02
3.053999999999999773e+02
3.053999999999999773e+02
3.053999999999999773e+02
3.053600000000000136e+02
3.055000000000000000e+02
3.055000000000000000e+02
3.055000000000000000e+02
3.053999999999999773e+02
3.053999999999999773e+02
3.055000000000000000e+02
3.055000000000000000e+02
3.055000000000000000e+02
3.053999999999999773e+02
3.051999999999999886e+02
3.053000000000000114e+02
3.053999999999999773e+02
3.051999999999999886e+02
3.046000000000000227e+02
3.048999999999999773e+02
3.046999999999999886e+02
3.056999999999999886e+02
3.051999999999999886e+02
3.053700000000000045e+02
3.054200000000000159e+02
3.053999999999999773e+02
3.040000000000000000e+02
3.046000000000000227e+02
3.046999999999999886e+02
3.048999999999999773e+02
3.045000000000000000e+02
3.055000000000000000e+02
3.055000000000000000e+02
3.053999999999999773e+02
3.056000000000000227e+02
3.055000000000000000e+02
3.046000000000000227e+02
3.045000000000000000e+02
3.043999999999999773e+02
3.046000000000000227e+02
3.053999999999999773e+02
3.053000000000000114e+02
3.053600000000000136e+02
3.051999999999999886e+02
3.048999999999999773e+02
3.046000000000000227e+02
3.043000000000000114e+02
3.041999999999999886e+02
3.045000000000000000e+02
3.046999999999999886e+02
3.050899999999999750e+02
3.051999999999999886e+02
3.051800000000000068e+02
3.046999999999999886e+02
3.041000000000000227e+02
3.041000000000000227e+02
3.041000000000000227e+02
3.040000000000000000e+02
3.041000000000000227e+02
3.043000000000000114e+02
3.045000000000000000e+02
3.045000000000000000e+02
3.046000000000000227e+02
3.046999999999999886e+02
3.046000000000000227e+02
3.041999999999999886e+02
3.036000000000000227e+02
3.041999999999999886e+02
3.039300000000000068e+02
3.038999999999999773e+02
3.038999999999999773e+02
3.039499999999999886e+02
3.038999999999999773e+02
3.040000000000000000e+02
3.043000000000000114e+02
3.041999999999999886e+02
3.042200000000000273e+02
3.041600000000000250e+02
3.041999999999999886e+02
3.041999999999999886e+02
3.041000000000000227e+02
3.043799999999999955e+02
3.043999999999999773e+02
3.043899999999999864e+02
3.043999999999999773e+02
3.044399999999999977e+02
3.045000000000000000e+02
3.046999999999999886e+02
3.048000000000000114e+02
3.046000000000000227e+02
3.046999999999999886e+02
3.048000000000000114e+02
3.048899999999999864e+02
3.048000000000000114e+02
3.050000000000000000e+02
3.046999999999999886e+02
3.050000000000000000e+02
3.048000000000000114e+02
3.051000000000000227e+02
3.051999999999999886e+02
3.051000000000000227e+02
3.051999999999999886e+02
3.050000000000000000e+02
3.049599999999999795e+02
3.048999999999999773e+02
3.046000000000000227e+02
3.036000000000000227e+02
3.036499999999999773e+02
3.036000000000000227e+02
3.038999999999999773e+02
3.038000000000000114e+02
3.038999999999999773e+02
3.038999999999999773e+02
3.040000000000000000e+02
3.038999999999999773e+02
3.038899999999999864e+02
3.040000000000000000e+02
3.038999999999999773e+02
3.040000000000000000e+02
3.040000000000000000e+02
3.039499999999999886e+02
3.041000000000000227e+02
3.041000000000000227e+02
3.042200000000000273e+02
3.043299999999999841e+02
3.043000000000000114e+02
3.041800000000000068e+02
3.042099999999999795e+02
3.041499999999999773e+02
3.042599999999999909e+02
3.043199999999999932e+02
3.043000000000000114e+02
3.042400000000000091e+02
3.036000000000000227e+02
3.035000000000000000e+02
3.036000000000000227e+02
3.036000000000000227e+02
3.035899999999999750e+02
3.036000000000000227e+02
3.036000000000000227e+02
3.035000000000000000e+02
3.035500000000000114e+02
3.036000000000000227e+02
3.035799999999999841e+02
3.035199999999999818e+02
3.036000000000000227e+02
3.045000000000000000e+02
3.043999999999999773e+02
3.035000000000000000e+02
3.035000000000000000e+02
3.036000000000000227e+02
3.041899999999999977e+02
3.042900000000000205e+02
3.045000000000000000e+02
3.034300000000000068e+02
3.033000000000000114e+02
3.036000000000000227e+02
3.040000000000000000e+02
3.041100000000000136e+02
3.041000000000000227e+02
3.031999999999999886e+02
3.030799999999999841e+02
3.036000000000000227e+02
3.038999999999999773e+02
3.036999999999999886e+02
3.033000000000000114e+02
3.026700000000000159e+02
3.026899999999999977e+02
3.031000000000000227e+02
3.035000000000000000e+02
3.036800000000000068e+02
3.036000000000000227e+02
3.031000000000000227e+02
3.028000000000000114e+02
3.030000000000000000e+02
3.033000000000000114e+02
3.036999999999999886e+02
3.038000000000000114e+02
3.035000000000000000e+02
3.035500000000000114e+02
3.035500000000000114e+02
3.034800000000000182e+02
3.035000000000000000e+02
3.035000000000000000e+02
3.035500000000000114e+02
3.035000000000000000e+02
3.035000000000000000e+02
3.034800000000000182e+02
3.035000000000000000e+02
3.034599999999999795e+02
3.035000000000000000e+02
3.038000000000000114e+02
3.036000000000000227e+02
3.036100000000000136e+02
3.036999999999999886e+02
3.038000000000000114e+02
3.038000000000000114e+02
3.036999999999999886e+02
3.036999999999999886e+02
3.038000000000000114e+02
3.036899999999999977e+02
3.036899999999999977e+02
3.036999999999999886e+02
3.036700000000000159e+02
3.036899999999999977e+02
3.036899999999999977e+02
3.037500000000000000e+02
3.038000000000000114e+02
3.037500000000000000e+02
3.038000000000000114e+02
3.036999999999999886e+02
3.038000000000000114e+02
3.037599999999999909e+02
3.037599999999999909e+02
3.037900000000000205e+02
3.037599999999999909e+02
3.037400000000000091e+02
3.037400000000000091e+02
3.036000000000000227e+02
3.036499999999999773e+02
3.036499999999999773e+02
3.036800000000000068e+02
3.036600000000000250e+02
3.036000000000000227e+02
3.034499999999999886e+02
3.034100000000000250e+02
3.034399999999999977e+02
3.033999999999999773e+02
3.034300000000000068e+02
3.034499999999999886e+02
3.035000000000000000e+02
3.033999999999999773e+02
3.035000000000000000e+02
3.035000000000000000e+02
3.035000000000000000e+02
3.033999999999999773e+02
3.034499999999999886e+02
3.035000000000000000e+02
3.036999999999999886e+02
3.036999999999999886e+02
3.038199999999999932e+02
3.039100000000000250e+02
3.038999999999999773e+02
3.040299999999999727e+02
3.040600000000000023e+02
3.037900000000000205e+02
3.038199999999999932e+02
3.038000000000000114e+02
3.038999999999999773e+02
3.038000000000000114e+02
3.038000000000000114e+02
3.039300000000000068e+02
3.038799999999999955e+02
3.038000000000000114e+02
3.038000000000000114e+02
3.038399999999999750e+02
3.038000000000000114e+02
3.038000000000000114e+02
3.038999999999999773e+02
3.036999999999999886e+02
3.036999999999999886e+02
3.037400000000000091e+02
3.036999999999999886e+02
3.034399999999999977e+02
3.034399999999999977e+02
3.032900000000000205e+02
3.031000000000000227e+02
3.031999999999999886e+02
3.028999999999999773e+02
3.030000000000000000e+02
3.030099999999999909e+02
3.033000000000000114e+02
3.031000000000000227e+02
3.030000000000000000e+02
3.030000000000000000e+02
3.026999999999999886e+02
3.026999999999999886e+02
3.024300000000000068e+02
3.023299999999999841e+02
3.022099999999999795e+02
3.021999999999999886e+02
3.023000000000000114e+02
3.026000000000000227e+02
3.033999999999999773e+02
3.031999999999999886e+02
3.028000000000000114e+02
3.030000000000000000e+02
3.033999999999999773e+02
3.037500000000000000e+02
3.037799999999999727e+02
3.038999999999999773e+02
3.031000000000000227e+02
3.031999999999999886e+02
3.031000000000000227e+02
3.036999999999999886e+02
3.037200000000000273e+02
3.033000000000000114e+02
3.028000000000000114e+02
3.026999999999999886e+02
3.030000000000000000e+02
3.036000000000000227e+02
3.036800000000000068e+02
3.033999999999999773e+02
3.027699999999999818e+02
3.026999999999999886e+02
3.028000000000000114e+02
3.036000000000000227e+02
3.036000000000000227e+02
3.036399999999999864e+02
3.033000000000000114e+02
3.026000000000000227e+02
3.025000000000000000e+02
3.023999999999999773e+02
3.033000000000000114e+02
3.033999999999999773e+02
3.031399999999999864e+02
3.031100000000000136e+02
3.031899999999999977e+02
3.031299999999999955e+02
3.031000000000000227e+02
3.031000000000000227e+02
3.030000000000000000e+02
3.030199999999999818e+02
3.030899999999999750e+02
3.031000000000000227e+02
3.031000000000000227e+02
3.030299999999999727e+02
3.030000000000000000e+02
3.032099999999999795e+02
3.031800000000000068e+02
3.031399999999999864e+02
3.031299999999999955e+02
3.031000000000000227e+02
3.031000000000000227e+02
3.031000000000000227e+02
3.030000000000000000e+02
3.031000000000000227e+02
3.028999999999999773e+02
3.030000000000000000e+02
3.030000000000000000e+02
3.029599999999999795e+02
3.030000000000000000e+02
3.030000000000000000e+02
3.031999999999999886e+02
3.032300000000000182e+02
3.033000000000000114e+02
3.031999999999999886e+02
3.033000000000000114e+02
3.033299999999999841e+02
3.033000000000000114e+02
3.033100000000000023e+02
3.033000000000000114e+02
3.033500000000000227e+02
3.033899999999999864e+02
3.033399999999999750e+02
3.034300000000000068e+02
3.033199999999999932e+02
3.033000000000000114e+02
3.033000000000000114e+02
3.033399999999999750e+02
3.033000000000000114e+02
3.031999999999999886e+02
3.028999999999999773e+02
3.028500000000000227e+02
3.029100000000000250e+02
3.029499999999999886e+02
3.028799999999999955e+02
3.029300000000000068e+02
3.030000000000000000e+02
3.026999999999999886e+02
3.023999999999999773e+02
3.023999999999999773e+02
3.023000000000000114e+02
3.023000000000000114e+02
3.023100000000000023e+02
3.023999999999999773e+02
3.025400000000000205e+02
3.023000000000000114e+02
3.026000000000000227e+02
3.026499999999999773e+02
3.025000000000000000e+02
3.028000000000000114e+02
3.028899999999999864e+02
3.025000000000000000e+02
3.026999999999999886e+02
3.028000000000000114e+02
3.028000000000000114e+02
3.026999999999999886e+02
3.026999999999999886e+02
3.026999999999999886e+02
3.026800000000000068e+02
3.025500000000000114e+02
3.028000000000000114e+02
3.028000000000000114e+02
3.028000000000000114e+02
3.030000000000000000e+02
3.030000000000000000e+02
3.030000000000000000e+02
3.030000000000000000e+02
3.031000000000000227e+02
3.030400000000000205e+02
3.030000000000000000e+02
3.031000000000000227e+02
3.033999999999999773e+02
3.033000000000000114e+02
3.031999999999999886e+02
3.033000000000000114e+02
3.033000000000000114e+02
3.033999999999999773e+02
3.034399999999999977e+02
3.035699999999999932e+02
3.035799999999999841e+02
3.036499999999999773e+02
3.036700000000000159e+02
3.038399999999999750e+02
3.038799999999999955e+02
3.038999999999999773e+02
3.038000000000000114e+02
3.037699999999999818e+02
3.037799999999999727e+02
3.036000000000000227e+02
3.035699999999999932e+02
3.028000000000000114e+02
3.023000000000000114e+02
3.023999999999999773e+02
3.028999999999999773e+02
3.033000000000000114e+02
3.033399999999999750e+02
3.026000000000000227e+02
3.022799999999999727e+02
3.023000000000000114e+02
3.028999999999999773e+02
3.031200000000000045e+02
3.031000000000000227e+02
3.021999999999999886e+02
3.021000000000000227e+02
3.019700000000000273e+02
3.020000000000000000e+02
3.026000000000000227e+02
3.028000000000000114e+02
3.028999999999999773e+02
3.020000000000000000e+02
3.018999999999999773e+02
3.023999999999999773e+02
3.027699999999999818e+02
3.030000000000000000e+02
3.031000000000000227e+02
3.026000000000000227e+02
3.021000000000000227e+02
3.021999999999999886e+02
3.026000000000000227e+02
3.028999999999999773e+02
3.031000000000000227e+02
3.030699999999999932e+02
3.033999999999999773e+02
3.026899999999999977e+02
3.026999999999999886e+02
3.027300000000000182e+02
3.027099999999999795e+02
3.028000000000000114e+02
3.027099999999999795e+02
3.027099999999999795e+02
3.026999999999999886e+02
3.027099999999999795e+02
3.027099999999999795e+02
3.026999999999999886e+02
3.025899999999999750e+02
3.026000000000000227e+02
3.027400000000000091e+02
3.026899999999999977e+02
3.026600000000000250e+02
3.026999999999999886e+02
3.028000000000000114e+02
3.028700000000000045e+02
3.028299999999999841e+02
3.028999999999999773e+02
3.029200000000000159e+02
3.029300000000000068e+02
3.028999999999999773e+02
3.028999999999999773e+02
3.028700000000000045e+02
3.028500000000000227e+02
3.028799999999999955e+02
3.028399999999999750e+02
3.028999999999999773e+02
3.028899999999999864e+02
3.028899999999999864e+02
3.028799999999999955e+02
3.028999999999999773e+02
3.029100000000000250e+02
3.028999999999999773e+02
3.029499999999999886e+02
3.028399999999999750e+02
3.030000000000000000e+02
3.029100000000000250e+02
3.028999999999999773e+02
3.028399999999999750e+02
3.028100000000000023e+02
3.028899999999999864e+02
3.028600000000000136e+02
3.028000000000000114e+02
3.023999999999999773e+02
3.024800000000000182e+02
3.024700000000000273e+02
3.025000000000000000e+02
3.025199999999999818e+02
3.025600000000000023e+02
3.025099999999999909e+02
3.025000000000000000e+02
3.025000000000000000e+02
3.024700000000000273e+02
3.025000000000000000e+02
3.024900000000000091e+02
3.025000000000000000e+02
3.023999999999999773e+02
3.024399999999999977e+02
3.023999999999999773e+02
3.020000000000000000e+02
3.021000000000000227e+02
3.023000000000000114e+02
3.021000000000000227e+02
3.020000000000000000e+02
3.021399999999999864e+02
3.021000000000000227e+02
3.020000000000000000e+02
3.018999999999999773e+02
3.018000000000000114e+02
3.016899999999999977e+02
3.016999999999999886e+02
3.018000000000000114e+02
3.021000000000000227e+02
3.021999999999999886e+02
3.022400000000000091e+02
3.023000000000000114e+02
3.023700000000000045e+02
3.025000000000000000e+02
3.026800000000000068e+02
3.028000000000000114e+02
3.026800000000000068e+02
3.028999999999999773e+02
3.023000000000000114e+02
3.021000000000000227e+02
3.021899999999999977e+02
3.021000000000000227e+02
3.021000000000000227e+02
3.022500000000000000e+02
3.023700000000000045e+02
3.023999999999999773e+02
3.023999999999999773e+02
3.026000000000000227e+02
3.026000000000000227e+02
3.026999999999999886e+02
3.027599999999999909e+02
3.028999999999999773e+02
3.028799999999999955e+02
3.029399999999999977e+02
3.028999999999999773e+02
3.026999999999999886e+02
3.017799999999999727e+02
3.018999999999999773e+02
3.023999999999999773e+02
3.023799999999999955e+02
3.026000000000000227e+02
3.023000000000000114e+02
3.016999999999999886e+02
3.013999999999999773e+02
3.018999999999999773e+02
3.023000000000000114e+02
3.025000000000000000e+02
3.028000000000000114e+02
3.016999999999999886e+02
3.016000000000000227e+02
3.021000000000000227e+02
3.024399999999999977e+02
3.024599999999999795e+02
3.025000000000000000e+02
3.016999999999999886e+02
3.015000000000000000e+02
3.021999999999999886e+02
3.021999999999999886e+02
3.025199999999999818e+02
3.025000000000000000e+02
